2835607252
2410430971
3091313147
725347506
3444714212
1597341495
3206745034
2195994987
1158024843
3396232799
3725999335
575166050
177277466
3248821373
3410438357
1084556582
3135381394
545142092
1194755360
3866297492
2092945731
847234959
1360721757
103164156
1729027568
654457624
1415616824
352014627
438923634
152134846
1213592530
146455123
1681074853
3097713171
3556347688
4286763555
2403365001
3898358276
4233657099
442002866
4225187487
1171930750
2828961880
2751461511
2666698322
2082525090
1300257762
2745372402
2425006325
1817997445
1154963709
845351208
2421447512
1388874111
1549138847
29115513
1941996431
637912127
3287553318
343055049
2757269017
1151170841
1614042312
495616417
2752836709
1141697806
151566495
39206566
3721178785
3389671883
135638057
2908518866
3800246536
1370242216
822820858
4064332199
1611321888
1550213270
343603945
3726367410
2052265131
1056195680
2217264579
2892061198
1948033711
922871851
3082022563
1296209428
1033795372
3588277702
3382009896
3166031701
4289688429
3671788786
2479748358
3904512339
569866365
831124769
856717893
328348942
1380081993
1741831552
3743209835
752001292
435143200
2976970803
3448755745
3182927988
3566803626
4115181104
2686613470
1270436546
1559060813
665240513
3302243811
315989077
2858057474
1545871893
1601084241
2592159193
2008896480
2747292920
2472977612
515286966
1961197966
570398456
3312903318
2189940936
2894993722
20651463
2273403340
2931548250
2056875034
4039614111
475495639
1513994508
1651049852
542202073
792783070
4099573750
4058059305
1767246814
3875413225
4032448176
2591397210
1809286626
4057682847
65308349
845482030
3628129175
